Patient_ID	BRCA2mutant?	IPRES_signature	Response	Purity	Ploidy	AvgCov	PctCov15	TotalNonSyn	TotalNonSyn_Exp	TotalIndelNonSyn	TotalIndelNonSyn_Exp	Binder	Binder_WT_NonBinder	StrongBinder	StrongBinder_WT_NonStrongBinder	StrongBinder_WT_NonBinder	Binder_Exp	Binder_WT_NonBinder_Exp	StrongBinder_Exp	StrongBinder_WT_NonStrongBinder_Exp	StrongBinder_WT_NonBinder_Exp	Binder_2	Binder_WT_NonBinder_2	StrongBinder_2	StrongBinder_WT_NonStrongBinder_2	StrongBinder_WT_NonBinder_2	Binder_Exp_2	Binder_WT_NonBinder_Exp_2	StrongBinder_Exp_2	StrongBinder_WT_NonStrongBinder_Exp_2	StrongBinder_WT_NonBinder_Exp_2	Total	A>G	C>T	A>C	A>T	C>A	C>G	A>G.frac	C>T.frac	A>C.frac	A>T.frac	C>A.frac	C>G.frac
Pt1	1	Y	NR	0.25	5.4	126.61	95.5	1645	1394	0	0	755	206	466	240	100	395	118	243	132	60	445	183	278	218	92	228	92	140	109	49	9469	322	8587	97	233	176	54	0.0340057028	0.9068539445	0.010243954	0.024606611	0.018586968	0.0057028197
Pt2	0	N	R	0.53	3.9	126.83	97.5	1943	1699	6	1	897	263	487	206	98	493	139	255	102	50	454	197	325	253	125	233	106	155	123	62	14127	714	12168	240	527	288	190	0.0505415162	0.8613293693	0.016988745	0.0373044525	0.0203864939	0.0134494231
Pt3	1	na	R	0.79	2.2	91.44	96.6	1146	0	10	0	631	176	318	167	58	0	0	0	0	0	379	139	249	174	71	0	0	0	0	0	5475	226	4938	87	98	73	53	0.0412785388	0.9019178082	0.015890411	0.0178995434	0.0133333333	0.0096803653
Pt4	1	N	R	0.74	3.7	127.77	96	3985	3438	19	8	1659	467	898	422	197	951	286	521	254	126	903	374	611	496	188	516	216	353	281	107	26110	1673	21998	508	1024	529	378	0.064075067	0.8425124473	0.0194561471	0.0392186902	0.0202604366	0.0144772118
Pt5	0	N	R	0.89	3.4	102.26	95.8	316	276	2	1	189	62	125	69	39	77	26	49	28	14	104	43	72	62	25	46	20	33	29	14	1875	115	1562	46	61	60	31	0.0613333333	0.8330666667	0.0245333333	0.0325333333	0.032	0.0165333333
Pt6	0	N	R	0.65	2.6	119.34	95.3	238	206	1	0	95	29	42	22	10	54	19	21	15	6	58	28	19	15	7	36	18	12	10	4	1684	125	1346	41	54	61	57	0.0742280285	0.7992874109	0.0243467933	0.0320665083	0.0362232779	0.033847981
Pt7	0	N	NR	0.7	5.4	150.84	97.2	1217	1070	2	1	489	145	288	152	69	239	79	134	74	33	368	168	246	200	96	176	80	119	96	50	7866	343	6846	186	203	182	106	0.0436053903	0.8703279939	0.0236460717	0.0258072718	0.023137554	0.0134757183
Pt8	0	N	R	0.7	4	124.04	96.8	807	673	4	2	165	49	97	52	24	107	30	63	33	15	151	57	89	72	24	102	39	59	46	17	3756	429	3068	67	84	73	35	0.1142172524	0.8168264111	0.0178381257	0.0223642173	0.0194355698	0.0093184239
Pt9	0	N	R	0.14	2.5	149.78	97.2	495	436	2	0	243	77	106	50	19	128	42	52	22	10	140	57	60	44	15	66	35	24	17	9	2881	176	2433	56	93	65	58	0.0610898993	0.844498438	0.0194376952	0.0322804582	0.0225616106	0.0201318986
Pt10	0	Y	NR	0.63	4.6	140.99	96.2	232	200	1	0	90	22	45	21	8	58	18	33	17	7	53	25	21	17	6	36	21	14	13	4	1639	137	1199	54	63	122	64	0.0835875534	0.7315436242	0.0329469189	0.038438072	0.0744356315	0.0390482001
Pt11	0	na	NR	0.72	3.1	124.27	94	253	221	7	1	127	39	54	18	10	67	17	31	11	5	95	46	67	56	25	52	25	39	32	14	1942	130	1519	77	67	111	38	0.0669412976	0.7821833162	0.0396498455	0.0345005149	0.0571575695	0.0195674562
Pt12	0	Y	NR	0.66	3.6	144.8	97.3	104	61	6	4	52	17	22	9	3	21	8	6	2	1	35	11	20	15	5	13	3	5	4	0	678	154	353	27	19	54	71	0.2271386431	0.5206489676	0.0398230088	0.0280235988	0.0796460177	0.104719764
Pt13	0	Y	R	0.48	2.2	101.28	95.2	460	387	4	0	231	64	117	61	26	124	36	62	27	14	123	54	88	73	33	62	28	47	41	17	2989	164	2560	64	94	55	52	0.0548678488	0.856473737	0.0214118434	0.031448645	0.0184008029	0.0173971228
Pt14	0	Y	NR	0.54	3.1	162.37	97.1	1465	1260	3	1	679	225	347	166	84	366	124	187	92	47	327	120	233	177	70	171	66	124	97	41	9407	315	8340	179	272	206	95	0.0334857021	0.886573828	0.0190283831	0.028914638	0.0218985862	0.0100988625
Pt15	0	N	R	0.5	2.7	150.61	97	523	459	2	0	252	80	159	98	39	125	46	72	50	20	166	73	120	91	45	82	38	56	41	24	2976	168	2540	63	96	60	49	0.0564516129	0.8534946237	0.0211693548	0.0322580645	0.0201612903	0.0164650538
Pt16	0	Y	NR	0.28	2.2	223.48	97.9	526	286	8	3	263	84	166	94	42	84	33	43	21	14	164	64	107	84	38	47	16	32	25	7	2615	136	2250	42	89	63	35	0.0520076482	0.8604206501	0.0160611855	0.0340344168	0.0240917782	0.0133843212
Pt17	0	na	NR	0.47	2.1	122.36	93.6	849	733	2	0	418	137	179	82	45	209	65	86	37	19	273	118	187	145	69	137	62	89	64	35	4859	245	4176	125	138	96	79	0.0504218975	0.859436098	0.0257254579	0.0284009055	0.0197571517	0.0162584894
Pt18	0	na	R	0.52	3.4	119.36	96	312	164	2	2	156	45	79	32	14	39	14	20	11	6	95	37	52	33	13	27	13	14	8	4	2273	132	1924	41	66	70	40	0.0580730312	0.846458425	0.0180378355	0.0290365156	0.0307963044	0.0175978883
Pt19	1	N	R	0.62	3.4	119.81	95.4	655	562	9	2	263	71	145	78	30	120	32	73	40	14	125	57	81	59	30	55	27	37	26	14	4724	279	4031	91	149	112	62	0.0590601185	0.8533022862	0.0192633362	0.0315410669	0.0237087214	0.0131244708
Pt20	0	N	NR	0.23	3	133.71	97.2	577	475	1	0	265	83	116	64	25	146	43	57	33	10	141	68	102	79	39	77	31	54	39	14	3219	269	2541	123	110	97	79	0.0835663249	0.7893755825	0.0382106244	0.0341721031	0.0301335819	0.0245417832
Pt21	1	na	R	0.95	3.8	143.3	97.1	239	207	1	0	115	37	57	25	11	50	17	22	9	3	54	27	34	28	16	24	11	14	10	4	1734	93	1457	38	60	49	37	0.053633218	0.8402537486	0.0219146482	0.0346020761	0.0282583622	0.0213379469
Pt22	0	Y	NR	0.25	2.1	115.45	95.8	73	46	0	0	43	10	27	16	5	18	5	10	6	2	21	4	15	12	1	11	3	8	6	1	311	31	242	11	14	9	4	0.0996784566	0.7781350482	0.0353697749	0.0450160772	0.0289389068	0.0128617363
Pt23	0	Y	NR	0.36	2.2	139.67	96.9	281	250	2	0	149	43	78	32	18	81	22	45	18	9	79	32	41	32	13	47	19	22	15	6	1848	205	1343	70	81	73	76	0.1109307359	0.7267316017	0.0378787879	0.0438311688	0.0395021645	0.0411255411
Pt24	0	na	R	0.95	2.9	119.45	96.8	443	241	3	2	240	77	101	55	23	64	19	31	18	7	127	43	93	68	27	31	10	22	14	4	2694	200	2104	93	89	121	87	0.0742390497	0.7809948033	0.0345211581	0.0330363771	0.0449146251	0.0322939866
Pt25	0	N	NR	0.67	4.1	139.6	96.6	139	120	5	0	54	15	25	12	2	31	11	18	8	2	38	15	20	12	6	25	11	14	9	4	1062	148	501	52	51	200	110	0.1393596987	0.4717514124	0.0489642185	0.0480225989	0.1883239171	0.1035781544
Pt26	0	na	R	0.17	3.4	125.45	96.4	1124	977	0	0	571	183	272	133	52	311	96	154	79	31	286	121	151	117	51	142	65	80	60	29	6427	318	5532	121	200	141	115	0.0494787615	0.8607437374	0.0188268243	0.0311187179	0.0219386961	0.0178932628
Pt27	1	N	R	0.8	2.2	208.56	98.3	2297	1260	16	16	1250	367	597	257	119	384	115	193	83	38	703	252	469	337	137	219	84	139	108	48	13669	577	12024	220	496	221	131	0.0422123052	0.8796546931	0.0160948131	0.0362864877	0.0161679713	0.0095837296
Pt28	1	N	R	0.29	2	149.69	97.5	483	405	1	0	218	60	106	44	17	137	38	65	31	12	130	57	67	48	22	82	36	44	28	13	1964	162	1504	56	98	93	51	0.0824847251	0.7657841141	0.0285132383	0.049898167	0.0473523422	0.0259674134
Pt29	0	N	NR	0.41	3.8	140.97	97.5	244	223	0	0	127	31	66	28	10	89	27	44	20	8	55	18	38	28	9	38	14	24	20	6	1245	216	432	68	80	300	149	0.1734939759	0.3469879518	0.0546184739	0.0642570281	0.2409638554	0.1196787149
Pt30	0	na	NR	0.23	2.7	159.01	97.4	565	311	6	4	322	86	144	55	23	103	29	41	15	10	150	61	113	90	44	50	21	34	24	11	2463	167	1946	80	150	71	49	0.0678034917	0.7900933821	0.0324807146	0.0609013398	0.0288266342	0.0198944377
Pt31	0	Y	NR	0.53	2.9	129.49	97.4	621	351	2	1	388	124	174	68	37	124	40	49	19	11	199	79	131	94	43	47	20	34	24	10	3710	208	3210	71	92	69	60	0.05606469	0.8652291105	0.0191374663	0.0247978437	0.0185983827	0.0161725067
Pt32	0	Y	NR	0.72	3.5	167.93	97.3	261	143	2	0	156	44	88	54	21	49	18	24	17	9	92	31	54	35	13	37	15	16	9	4	1482	98	1224	28	50	49	33	0.0661268556	0.8259109312	0.0188933873	0.0337381916	0.0330634278	0.0222672065
Pt33	0	na	R	0.24	4.1	183.72	97.7	668	335	10	3	389	128	203	98	45	165	50	93	45	22	246	116	147	121	67	112	52	68	57	29	3351	157	2892	73	79	74	76	0.0468516861	0.8630259624	0.0217845419	0.0235750522	0.0220829603	0.0226797971
Pt34	0	na	R	0.79	3.7	196.22	97.4	90	41	18	18	68	10	32	7	1	22	5	8	3	0	30	8	24	22	5	8	3	6	6	1	412	109	181	17	23	55	27	0.2645631068	0.4393203883	0.0412621359	0.0558252427	0.1334951456	0.0655339806
Pt35	0	N	R	0.62	3.8	284.54	97.8	313	146	4	4	198	59	97	50	26	52	18	25	12	8	113	37	68	48	15	30	10	18	15	6	2000	130	1589	59	85	73	64	0.065	0.7945	0.0295	0.0425	0.0365	0.032
Pt36	0	na	NR	0.73	1.9	150.67	97	73	32	0	0	43	11	18	7	2	11	3	4	3	0	23	13	17	12	10	5	2	4	2	1	249	9	219	7	4	5	5	0.0361445783	0.8795180723	0.0281124498	0.016064257	0.0200803213	0.0200803213
Pt37	0	N	R	0.56	2.3	255.22	97.6	557	222	2	0	191	55	127	73	26	43	14	27	13	5	137	55	70	48	18	28	10	14	12	5	3632	147	3212	47	96	97	33	0.0404735683	0.8843612335	0.0129405286	0.0264317181	0.0267070485	0.0090859031

